GDC_Aliquot	Chromosome	Start	End	Copy_Number	Major_Copy_Number	Minor_Copy_Number
0b89b8b3-7b86-460c-b870-f3a6613a58b2	chr1	61735	248930189	2	1	1
0b89b8b3-7b86-460c-b870-f3a6613a58b2	chr2	12784	242147305	2	1	1
0b89b8b3-7b86-460c-b870-f3a6613a58b2	chr3	18667	198169247	2	1	1
0b89b8b3-7b86-460c-b870-f3a6613a58b2	chr4	12281	190106768	2	1	1
0b89b8b3-7b86-460c-b870-f3a6613a58b2	chr5	15532	181363319	2	1	1
0b89b8b3-7b86-460c-b870-f3a6613a58b2	chr6	149661	13554624	2	1	1
0b89b8b3-7b86-460c-b870-f3a6613a58b2	chr6	13556026	15437159	3	2	1
0b89b8b3-7b86-460c-b870-f3a6613a58b2	chr6	15440108	16252622	2	1	1
0b89b8b3-7b86-460c-b870-f3a6613a58b2	chr6	16253864	16700945	3	2	1
0b89b8b3-7b86-460c-b870-f3a6613a58b2	chr6	16701103	17808090	2	1	1
0b89b8b3-7b86-460c-b870-f3a6613a58b2	chr6	17809766	19666953	3	2	1
0b89b8b3-7b86-460c-b870-f3a6613a58b2	chr6	19667188	20095989	4	3	1
0b89b8b3-7b86-460c-b870-f3a6613a58b2	chr6	20098533	20431558	3	2	1
0b89b8b3-7b86-460c-b870-f3a6613a58b2	chr6	20432498	21977955	4	3	1
0b89b8b3-7b86-460c-b870-f3a6613a58b2	chr6	21978023	25070169	3	2	1
0b89b8b3-7b86-460c-b870-f3a6613a58b2	chr6	25071944	170741917	2	1	1
0b89b8b3-7b86-460c-b870-f3a6613a58b2	chr7	43259	159334314	2	1	1
0b89b8b3-7b86-460c-b870-f3a6613a58b2	chr8	81254	100318769	2	1	1
0b89b8b3-7b86-460c-b870-f3a6613a58b2	chr8	100320565	103965181	3	2	1
0b89b8b3-7b86-460c-b870-f3a6613a58b2	chr8	103968170	105880273	4	3	1
0b89b8b3-7b86-460c-b870-f3a6613a58b2	chr8	105881986	109399109	3	2	1
0b89b8b3-7b86-460c-b870-f3a6613a58b2	chr8	109399398	110566205	2	1	1
0b89b8b3-7b86-460c-b870-f3a6613a58b2	chr8	110567010	121812952	3	2	1
0b89b8b3-7b86-460c-b870-f3a6613a58b2	chr8	121813071	145072769	2	1	1
0b89b8b3-7b86-460c-b870-f3a6613a58b2	chr9	46587	138200944	2	1	1
0b89b8b3-7b86-460c-b870-f3a6613a58b2	chr10	26823	2848000	2	1	1
0b89b8b3-7b86-460c-b870-f3a6613a58b2	chr10	2849057	5025618	3	2	1
0b89b8b3-7b86-460c-b870-f3a6613a58b2	chr10	5025921	5283117	2	1	1
0b89b8b3-7b86-460c-b870-f3a6613a58b2	chr10	5283191	11706059	3	2	1
0b89b8b3-7b86-460c-b870-f3a6613a58b2	chr10	11708521	13088142	2	1	1
0b89b8b3-7b86-460c-b870-f3a6613a58b2	chr10	13088534	14003085	3	2	1
0b89b8b3-7b86-460c-b870-f3a6613a58b2	chr10	14007246	14701064	4	3	1
0b89b8b3-7b86-460c-b870-f3a6613a58b2	chr10	14706753	14779601	5	4	1
0b89b8b3-7b86-460c-b870-f3a6613a58b2	chr10	14779971	133769379	2	1	1
0b89b8b3-7b86-460c-b870-f3a6613a58b2	chr11	198572	135074876	2	1	1
0b89b8b3-7b86-460c-b870-f3a6613a58b2	chr12	51460	133201603	2	1	1
0b89b8b3-7b86-460c-b870-f3a6613a58b2	chr13	18452809	114342922	2	1	1
0b89b8b3-7b86-460c-b870-f3a6613a58b2	chr14	18225647	78418112	2	1	1
0b89b8b3-7b86-460c-b870-f3a6613a58b2	chr14	78418943	87713135	3	2	1
0b89b8b3-7b86-460c-b870-f3a6613a58b2	chr14	87713517	97132503	2	1	1
0b89b8b3-7b86-460c-b870-f3a6613a58b2	chr14	97133512	98793421	3	2	1
0b89b8b3-7b86-460c-b870-f3a6613a58b2	chr14	98793470	106877229	2	1	1
0b89b8b3-7b86-460c-b870-f3a6613a58b2	chr15	19811075	101928837	2	1	1
0b89b8b3-7b86-460c-b870-f3a6613a58b2	chr16	10777	90221127	2	1	1
0b89b8b3-7b86-460c-b870-f3a6613a58b2	chr17	150733	83090856	2	1	1
0b89b8b3-7b86-460c-b870-f3a6613a58b2	chr18	48133	80257174	2	1	1
0b89b8b3-7b86-460c-b870-f3a6613a58b2	chr19	90910	58586487	2	1	1
0b89b8b3-7b86-460c-b870-f3a6613a58b2	chr20	80664	64324800	2	1	1
0b89b8b3-7b86-460c-b870-f3a6613a58b2	chr21	10336543	46677045	2	1	1
0b89b8b3-7b86-460c-b870-f3a6613a58b2	chr22	15294545	50796027	2	1	1
0b89b8b3-7b86-460c-b870-f3a6613a58b2	chrX	251810	2771493	3	2	1
0b89b8b3-7b86-460c-b870-f3a6613a58b2	chrX	2771534	2776199	2	1	1
0b89b8b3-7b86-460c-b870-f3a6613a58b2	chrX	2785350	156004181	1	1	0
