GDC_Aliquot	Chromosome	Start	End	Copy_Number	Major_Copy_Number	Minor_Copy_Number
0b13a410-4c36-44a2-9110-d6a649494678	chr1	61735	31216669	3	2	1
0b13a410-4c36-44a2-9110-d6a649494678	chr1	31218014	31263033	2	1	1
0b13a410-4c36-44a2-9110-d6a649494678	chr1	31263276	31380033	5	4	1
0b13a410-4c36-44a2-9110-d6a649494678	chr1	31382420	31782599	6	4	2
0b13a410-4c36-44a2-9110-d6a649494678	chr1	31784162	32747503	3	2	1
0b13a410-4c36-44a2-9110-d6a649494678	chr1	32755681	71583990	2	1	1
0b13a410-4c36-44a2-9110-d6a649494678	chr1	71584050	80012493	9	8	1
0b13a410-4c36-44a2-9110-d6a649494678	chr1	80014130	81633212	8	7	1
0b13a410-4c36-44a2-9110-d6a649494678	chr1	81635821	97655432	5	4	1
0b13a410-4c36-44a2-9110-d6a649494678	chr1	97656170	236153417	3	2	1
0b13a410-4c36-44a2-9110-d6a649494678	chr1	236156088	237220323	4	3	1
0b13a410-4c36-44a2-9110-d6a649494678	chr1	237220325	248930189	3	2	1
0b13a410-4c36-44a2-9110-d6a649494678	chr2	12784	94669081	4	3	1
0b13a410-4c36-44a2-9110-d6a649494678	chr2	94675663	97570839	6	3	3
0b13a410-4c36-44a2-9110-d6a649494678	chr2	97573686	100999082	11	8	3
0b13a410-4c36-44a2-9110-d6a649494678	chr2	101000425	102759533	8	4	4
0b13a410-4c36-44a2-9110-d6a649494678	chr2	102764415	156985288	4	3	1
0b13a410-4c36-44a2-9110-d6a649494678	chr2	156989575	160731968	7	6	1
0b13a410-4c36-44a2-9110-d6a649494678	chr2	160732035	164478359	10	9	1
0b13a410-4c36-44a2-9110-d6a649494678	chr2	164482376	164497132	6	6	0
0b13a410-4c36-44a2-9110-d6a649494678	chr2	164497179	242147305	3	2	1
0b13a410-4c36-44a2-9110-d6a649494678	chr3	18667	41960214	5	3	2
0b13a410-4c36-44a2-9110-d6a649494678	chr3	41965066	65750471	2	2	0
0b13a410-4c36-44a2-9110-d6a649494678	chr3	65752590	65895598	3	3	0
0b13a410-4c36-44a2-9110-d6a649494678	chr3	65896486	82290729	2	2	0
0b13a410-4c36-44a2-9110-d6a649494678	chr3	82292562	96306948	5	3	2
0b13a410-4c36-44a2-9110-d6a649494678	chr3	96309864	161662262	7	4	3
0b13a410-4c36-44a2-9110-d6a649494678	chr3	161662299	165760763	8	4	4
0b13a410-4c36-44a2-9110-d6a649494678	chr3	165768357	198169247	5	3	2
0b13a410-4c36-44a2-9110-d6a649494678	chr4	12281	20343145	4	2	2
0b13a410-4c36-44a2-9110-d6a649494678	chr4	20343476	20842557	5	3	2
0b13a410-4c36-44a2-9110-d6a649494678	chr4	20848138	41339088	4	2	2
0b13a410-4c36-44a2-9110-d6a649494678	chr4	41341176	89958875	3	2	1
0b13a410-4c36-44a2-9110-d6a649494678	chr4	89959750	90554948	4	3	1
0b13a410-4c36-44a2-9110-d6a649494678	chr4	90555732	190106768	3	2	1
0b13a410-4c36-44a2-9110-d6a649494678	chr5	15532	14576235	3	2	1
0b13a410-4c36-44a2-9110-d6a649494678	chr5	14580467	15467547	1	1	0
0b13a410-4c36-44a2-9110-d6a649494678	chr5	15469402	181363319	3	2	1
0b13a410-4c36-44a2-9110-d6a649494678	chr6	149661	3639975	2	2	0
0b13a410-4c36-44a2-9110-d6a649494678	chr6	3643553	10441241	4	2	2
0b13a410-4c36-44a2-9110-d6a649494678	chr6	10444393	13523602	3	2	1
0b13a410-4c36-44a2-9110-d6a649494678	chr6	13525133	13851406	8	6	2
0b13a410-4c36-44a2-9110-d6a649494678	chr6	13851666	14428287	4	2	2
0b13a410-4c36-44a2-9110-d6a649494678	chr6	14429117	16209736	5	3	2
0b13a410-4c36-44a2-9110-d6a649494678	chr6	16219300	16845219	11	9	2
0b13a410-4c36-44a2-9110-d6a649494678	chr6	16845672	18767594	8	6	2
0b13a410-4c36-44a2-9110-d6a649494678	chr6	18767626	21916986	12	10	2
0b13a410-4c36-44a2-9110-d6a649494678	chr6	21917117	22940573	9	7	2
0b13a410-4c36-44a2-9110-d6a649494678	chr6	22941984	23921810	8	6	2
0b13a410-4c36-44a2-9110-d6a649494678	chr6	23922478	26968286	6	4	2
0b13a410-4c36-44a2-9110-d6a649494678	chr6	26972705	27923317	8	6	2
0b13a410-4c36-44a2-9110-d6a649494678	chr6	27926318	66575771	3	2	1
0b13a410-4c36-44a2-9110-d6a649494678	chr6	66576171	154478884	2	2	0
0b13a410-4c36-44a2-9110-d6a649494678	chr6	154481531	154803449	1	1	0
0b13a410-4c36-44a2-9110-d6a649494678	chr6	154805740	170741917	2	2	0
0b13a410-4c36-44a2-9110-d6a649494678	chr7	43259	33108844	3	2	1
0b13a410-4c36-44a2-9110-d6a649494678	chr7	33111569	33651894	2	1	1
0b13a410-4c36-44a2-9110-d6a649494678	chr7	33652328	159334314	3	2	1
0b13a410-4c36-44a2-9110-d6a649494678	chr8	81254	38352395	3	2	1
0b13a410-4c36-44a2-9110-d6a649494678	chr8	38367229	40205813	11	10	1
0b13a410-4c36-44a2-9110-d6a649494678	chr8	40206446	47667799	8	7	1
0b13a410-4c36-44a2-9110-d6a649494678	chr8	47669267	59925643	4	3	1
0b13a410-4c36-44a2-9110-d6a649494678	chr8	59925824	61105908	5	3	2
0b13a410-4c36-44a2-9110-d6a649494678	chr8	61105908	76441243	6	4	2
0b13a410-4c36-44a2-9110-d6a649494678	chr8	76443315	90281426	8	6	2
0b13a410-4c36-44a2-9110-d6a649494678	chr8	90284888	92561009	5	5	0
0b13a410-4c36-44a2-9110-d6a649494678	chr8	92563065	93680331	8	6	2
0b13a410-4c36-44a2-9110-d6a649494678	chr8	93681409	94160614	13	8	5
0b13a410-4c36-44a2-9110-d6a649494678	chr8	94161444	94667251	10	5	5
0b13a410-4c36-44a2-9110-d6a649494678	chr8	94668736	95458447	9	6	3
0b13a410-4c36-44a2-9110-d6a649494678	chr8	95458489	95844829	5	5	0
0b13a410-4c36-44a2-9110-d6a649494678	chr8	95850445	96435828	8	6	2
0b13a410-4c36-44a2-9110-d6a649494678	chr8	96436644	98546445	10	6	4
0b13a410-4c36-44a2-9110-d6a649494678	chr8	98550665	102708113	18	12	6
0b13a410-4c36-44a2-9110-d6a649494678	chr8	102708308	106120288	5	5	0
0b13a410-4c36-44a2-9110-d6a649494678	chr8	106124201	106523079	7	6	1
0b13a410-4c36-44a2-9110-d6a649494678	chr8	106524976	113453880	5	5	0
0b13a410-4c36-44a2-9110-d6a649494678	chr8	113456968	123706093	7	6	1
0b13a410-4c36-44a2-9110-d6a649494678	chr8	123707109	126433081	9	8	1
0b13a410-4c36-44a2-9110-d6a649494678	chr8	126435254	145072769	4	3	1
0b13a410-4c36-44a2-9110-d6a649494678	chr9	46587	23131906	3	2	1
0b13a410-4c36-44a2-9110-d6a649494678	chr9	23132206	26626731	4	2	2
0b13a410-4c36-44a2-9110-d6a649494678	chr9	26633843	29519973	3	2	1
0b13a410-4c36-44a2-9110-d6a649494678	chr9	29524699	42995504	4	2	2
0b13a410-4c36-44a2-9110-d6a649494678	chr9	60840363	112077372	2	2	0
0b13a410-4c36-44a2-9110-d6a649494678	chr9	112077728	113446676	3	3	0
0b13a410-4c36-44a2-9110-d6a649494678	chr9	113450653	138200944	2	2	0
0b13a410-4c36-44a2-9110-d6a649494678	chr10	26823	9727319	4	3	1
0b13a410-4c36-44a2-9110-d6a649494678	chr10	9731770	14596516	6	3	3
0b13a410-4c36-44a2-9110-d6a649494678	chr10	14596940	14997783	4	3	1
0b13a410-4c36-44a2-9110-d6a649494678	chr10	14998208	15946777	6	3	3
0b13a410-4c36-44a2-9110-d6a649494678	chr10	15948747	16341772	9	6	3
0b13a410-4c36-44a2-9110-d6a649494678	chr10	16341932	17443588	6	3	3
0b13a410-4c36-44a2-9110-d6a649494678	chr10	17448574	17515180	9	6	3
0b13a410-4c36-44a2-9110-d6a649494678	chr10	17516725	37812512	4	3	1
0b13a410-4c36-44a2-9110-d6a649494678	chr10	37815559	38770869	7	4	3
0b13a410-4c36-44a2-9110-d6a649494678	chr10	38770921	42788791	6	5	1
0b13a410-4c36-44a2-9110-d6a649494678	chr10	42794270	61963681	4	3	1
0b13a410-4c36-44a2-9110-d6a649494678	chr10	61963818	62336517	7	6	1
0b13a410-4c36-44a2-9110-d6a649494678	chr10	62339190	133769379	4	3	1
0b13a410-4c36-44a2-9110-d6a649494678	chr11	198572	641991	2	1	1
0b13a410-4c36-44a2-9110-d6a649494678	chr11	648694	1655692	3	2	1
0b13a410-4c36-44a2-9110-d6a649494678	chr11	1655966	58777319	2	1	1
0b13a410-4c36-44a2-9110-d6a649494678	chr11	58780311	59024265	5	4	1
0b13a410-4c36-44a2-9110-d6a649494678	chr11	59032901	62730490	2	1	1
0b13a410-4c36-44a2-9110-d6a649494678	chr11	62738173	64657995	4	3	1
0b13a410-4c36-44a2-9110-d6a649494678	chr11	64663989	66286060	2	1	1
0b13a410-4c36-44a2-9110-d6a649494678	chr11	66290717	67823910	5	4	1
0b13a410-4c36-44a2-9110-d6a649494678	chr11	67831232	68166175	12	12	0
0b13a410-4c36-44a2-9110-d6a649494678	chr11	68169080	69867219	30	29	1
0b13a410-4c36-44a2-9110-d6a649494678	chr11	69867503	70174860	40	39	1
0b13a410-4c36-44a2-9110-d6a649494678	chr11	70178971	73783794	4	3	1
0b13a410-4c36-44a2-9110-d6a649494678	chr11	73784136	74275726	8	7	1
0b13a410-4c36-44a2-9110-d6a649494678	chr11	74276433	87716313	4	3	1
0b13a410-4c36-44a2-9110-d6a649494678	chr11	87716993	135074876	2	1	1
0b13a410-4c36-44a2-9110-d6a649494678	chr12	51460	11795119	4	2	2
0b13a410-4c36-44a2-9110-d6a649494678	chr12	11798181	12150885	5	3	2
0b13a410-4c36-44a2-9110-d6a649494678	chr12	12154252	80151796	4	2	2
0b13a410-4c36-44a2-9110-d6a649494678	chr12	80151831	81994342	5	3	2
0b13a410-4c36-44a2-9110-d6a649494678	chr12	81994423	83370671	8	6	2
0b13a410-4c36-44a2-9110-d6a649494678	chr12	83371010	95812110	5	3	2
0b13a410-4c36-44a2-9110-d6a649494678	chr12	95812567	107314666	3	2	1
0b13a410-4c36-44a2-9110-d6a649494678	chr12	107314789	133201603	4	2	2
0b13a410-4c36-44a2-9110-d6a649494678	chr13	18452809	25457714	2	2	0
0b13a410-4c36-44a2-9110-d6a649494678	chr13	25459562	114342922	3	2	1
0b13a410-4c36-44a2-9110-d6a649494678	chr14	18225647	67643220	3	2	1
0b13a410-4c36-44a2-9110-d6a649494678	chr14	67643293	68018884	2	2	0
0b13a410-4c36-44a2-9110-d6a649494678	chr14	68023071	102884247	3	2	1
0b13a410-4c36-44a2-9110-d6a649494678	chr14	102885192	103469079	4	3	1
0b13a410-4c36-44a2-9110-d6a649494678	chr14	103471035	106877229	3	2	1
0b13a410-4c36-44a2-9110-d6a649494678	chr15	19811075	24896778	3	2	1
0b13a410-4c36-44a2-9110-d6a649494678	chr15	24897698	32147080	2	1	1
0b13a410-4c36-44a2-9110-d6a649494678	chr15	32147097	51540905	3	2	1
0b13a410-4c36-44a2-9110-d6a649494678	chr15	51553432	51860021	4	2	2
0b13a410-4c36-44a2-9110-d6a649494678	chr15	51860981	101928837	3	2	1
0b13a410-4c36-44a2-9110-d6a649494678	chr16	10777	90221127	3	2	1
0b13a410-4c36-44a2-9110-d6a649494678	chr17	150733	2388885	4	4	0
0b13a410-4c36-44a2-9110-d6a649494678	chr17	2388932	10474692	3	3	0
0b13a410-4c36-44a2-9110-d6a649494678	chr17	10475972	11758384	2	2	0
0b13a410-4c36-44a2-9110-d6a649494678	chr17	11760405	12958519	6	6	0
0b13a410-4c36-44a2-9110-d6a649494678	chr17	12959952	13097177	2	2	0
0b13a410-4c36-44a2-9110-d6a649494678	chr17	13097566	13794114	1	1	0
0b13a410-4c36-44a2-9110-d6a649494678	chr17	13794510	15434689	2	2	0
0b13a410-4c36-44a2-9110-d6a649494678	chr17	15435966	15473043	4	4	0
0b13a410-4c36-44a2-9110-d6a649494678	chr17	15473290	16507896	1	1	0
0b13a410-4c36-44a2-9110-d6a649494678	chr17	16508073	16568376	4	4	0
0b13a410-4c36-44a2-9110-d6a649494678	chr17	16569915	16621065	3	3	0
0b13a410-4c36-44a2-9110-d6a649494678	chr17	16636996	22668477	6	6	0
0b13a410-4c36-44a2-9110-d6a649494678	chr17	22669468	27572642	4	4	0
0b13a410-4c36-44a2-9110-d6a649494678	chr17	27572900	28890688	5	5	0
0b13a410-4c36-44a2-9110-d6a649494678	chr17	28908259	30711143	4	4	0
0b13a410-4c36-44a2-9110-d6a649494678	chr17	30712572	33865468	6	6	0
0b13a410-4c36-44a2-9110-d6a649494678	chr17	33865918	34661904	5	5	0
0b13a410-4c36-44a2-9110-d6a649494678	chr17	34662519	35089986	1	1	0
0b13a410-4c36-44a2-9110-d6a649494678	chr17	35095139	39203484	3	3	0
0b13a410-4c36-44a2-9110-d6a649494678	chr17	39206280	39664739	7	7	0
0b13a410-4c36-44a2-9110-d6a649494678	chr17	39666058	39872732	14	14	0
0b13a410-4c36-44a2-9110-d6a649494678	chr17	39872867	42765190	3	3	0
0b13a410-4c36-44a2-9110-d6a649494678	chr17	42768221	46039832	5	5	0
0b13a410-4c36-44a2-9110-d6a649494678	chr17	46041633	48118026	6	4	2
0b13a410-4c36-44a2-9110-d6a649494678	chr17	48118104	80730502	4	2	2
0b13a410-4c36-44a2-9110-d6a649494678	chr17	80732702	83090856	4	3	1
0b13a410-4c36-44a2-9110-d6a649494678	chr18	48133	80257174	3	2	1
0b13a410-4c36-44a2-9110-d6a649494678	chr19	90910	17144033	3	2	1
0b13a410-4c36-44a2-9110-d6a649494678	chr19	17145713	19739218	4	2	2
0b13a410-4c36-44a2-9110-d6a649494678	chr19	19745084	27541492	5	3	2
0b13a410-4c36-44a2-9110-d6a649494678	chr19	27543462	45855420	4	3	1
0b13a410-4c36-44a2-9110-d6a649494678	chr19	45858354	50630337	4	4	0
0b13a410-4c36-44a2-9110-d6a649494678	chr19	50632200	56903750	6	6	0
0b13a410-4c36-44a2-9110-d6a649494678	chr19	56905688	58377835	8	8	0
0b13a410-4c36-44a2-9110-d6a649494678	chr19	58379768	58586487	15	15	0
0b13a410-4c36-44a2-9110-d6a649494678	chr20	80664	7663552	4	3	1
0b13a410-4c36-44a2-9110-d6a649494678	chr20	7666031	26324943	3	3	0
0b13a410-4c36-44a2-9110-d6a649494678	chr20	30185676	64324800	6	4	2
0b13a410-4c36-44a2-9110-d6a649494678	chr21	10336543	14345562	9	7	2
0b13a410-4c36-44a2-9110-d6a649494678	chr21	14348050	16258892	16	14	2
0b13a410-4c36-44a2-9110-d6a649494678	chr21	16260845	18121441	22	21	1
0b13a410-4c36-44a2-9110-d6a649494678	chr21	18121702	19369734	33	32	1
0b13a410-4c36-44a2-9110-d6a649494678	chr21	19369873	46677045	3	2	1
0b13a410-4c36-44a2-9110-d6a649494678	chr22	15294545	50796027	4	2	2
0b13a410-4c36-44a2-9110-d6a649494678	chrX	251810	2776199	5	3	2
0b13a410-4c36-44a2-9110-d6a649494678	chrX	2785350	9789485	2	2	0
0b13a410-4c36-44a2-9110-d6a649494678	chrX	9789499	12217783	4	4	0
0b13a410-4c36-44a2-9110-d6a649494678	chrX	12220558	156004181	2	2	0
