GDC_Aliquot	Chromosome	Start	End	Copy_Number	Major_Copy_Number	Minor_Copy_Number
0aeed974-9ad8-4208-9c09-43418386665f	chr1	61735	3754463	4	3	1
0aeed974-9ad8-4208-9c09-43418386665f	chr1	3760034	86902042	3	2	1
0aeed974-9ad8-4208-9c09-43418386665f	chr1	86902552	93174578	5	4	1
0aeed974-9ad8-4208-9c09-43418386665f	chr1	93175263	248930189	4	3	1
0aeed974-9ad8-4208-9c09-43418386665f	chr2	12784	23286090	7	7	0
0aeed974-9ad8-4208-9c09-43418386665f	chr2	23286428	32518948	6	6	0
0aeed974-9ad8-4208-9c09-43418386665f	chr2	32521075	36504717	8	8	0
0aeed974-9ad8-4208-9c09-43418386665f	chr2	36505028	46646901	7	7	0
0aeed974-9ad8-4208-9c09-43418386665f	chr2	46647607	51356711	2	2	0
0aeed974-9ad8-4208-9c09-43418386665f	chr2	51358983	68871674	4	2	2
0aeed974-9ad8-4208-9c09-43418386665f	chr2	68873921	69505716	9	7	2
0aeed974-9ad8-4208-9c09-43418386665f	chr2	69507127	69597121	4	3	1
0aeed974-9ad8-4208-9c09-43418386665f	chr2	69599188	78642093	4	2	2
0aeed974-9ad8-4208-9c09-43418386665f	chr2	78642450	84478978	5	3	2
0aeed974-9ad8-4208-9c09-43418386665f	chr2	84479904	92117758	4	2	2
0aeed974-9ad8-4208-9c09-43418386665f	chr2	94662162	123051838	2	2	0
0aeed974-9ad8-4208-9c09-43418386665f	chr2	123052132	125615788	3	3	0
0aeed974-9ad8-4208-9c09-43418386665f	chr2	125621253	242147305	2	2	0
0aeed974-9ad8-4208-9c09-43418386665f	chr3	18667	187452623	4	3	1
0aeed974-9ad8-4208-9c09-43418386665f	chr3	187452950	193706109	5	4	1
0aeed974-9ad8-4208-9c09-43418386665f	chr3	193706618	198169247	4	3	1
0aeed974-9ad8-4208-9c09-43418386665f	chr4	12281	90917236	4	3	1
0aeed974-9ad8-4208-9c09-43418386665f	chr4	90923960	91229437	2	1	1
0aeed974-9ad8-4208-9c09-43418386665f	chr4	91231527	190106768	4	3	1
0aeed974-9ad8-4208-9c09-43418386665f	chr5	15532	4659231	5	4	1
0aeed974-9ad8-4208-9c09-43418386665f	chr5	4659772	17211540	4	3	1
0aeed974-9ad8-4208-9c09-43418386665f	chr5	17213210	18196089	1	1	0
0aeed974-9ad8-4208-9c09-43418386665f	chr5	18196704	50168472	5	4	1
0aeed974-9ad8-4208-9c09-43418386665f	chr5	50174160	50608982	2	2	0
0aeed974-9ad8-4208-9c09-43418386665f	chr5	50609430	180599413	2	1	1
0aeed974-9ad8-4208-9c09-43418386665f	chr5	180600357	181363319	2	2	0
0aeed974-9ad8-4208-9c09-43418386665f	chr6	149661	10099692	5	5	0
0aeed974-9ad8-4208-9c09-43418386665f	chr6	10099745	39233395	4	4	0
0aeed974-9ad8-4208-9c09-43418386665f	chr6	39233395	45797523	4	3	1
0aeed974-9ad8-4208-9c09-43418386665f	chr6	45798480	63671560	5	4	1
0aeed974-9ad8-4208-9c09-43418386665f	chr6	63672723	161388051	4	3	1
0aeed974-9ad8-4208-9c09-43418386665f	chr6	161389250	161879249	3	2	1
0aeed974-9ad8-4208-9c09-43418386665f	chr6	161879876	170741917	4	3	1
0aeed974-9ad8-4208-9c09-43418386665f	chr7	43259	2741839	3	2	1
0aeed974-9ad8-4208-9c09-43418386665f	chr7	2750246	56663233	2	1	1
0aeed974-9ad8-4208-9c09-43418386665f	chr7	56664505	64135615	3	2	1
0aeed974-9ad8-4208-9c09-43418386665f	chr7	64137719	159334314	2	1	1
0aeed974-9ad8-4208-9c09-43418386665f	chr8	81254	145072769	2	1	1
0aeed974-9ad8-4208-9c09-43418386665f	chr9	46587	138200944	2	1	1
0aeed974-9ad8-4208-9c09-43418386665f	chr10	26823	35787461	4	3	1
0aeed974-9ad8-4208-9c09-43418386665f	chr10	35787846	42369196	5	4	1
0aeed974-9ad8-4208-9c09-43418386665f	chr10	42369243	133769379	4	3	1
0aeed974-9ad8-4208-9c09-43418386665f	chr11	198572	135074876	3	2	1
0aeed974-9ad8-4208-9c09-43418386665f	chr12	51460	20611090	6	3	3
0aeed974-9ad8-4208-9c09-43418386665f	chr12	20614927	133201603	3	2	1
0aeed974-9ad8-4208-9c09-43418386665f	chr13	18452809	35029390	7	6	1
0aeed974-9ad8-4208-9c09-43418386665f	chr13	35029408	36079850	5	5	0
0aeed974-9ad8-4208-9c09-43418386665f	chr13	36079943	48158974	7	6	1
0aeed974-9ad8-4208-9c09-43418386665f	chr13	48159090	51118278	5	5	0
0aeed974-9ad8-4208-9c09-43418386665f	chr13	51118412	114342922	6	5	1
0aeed974-9ad8-4208-9c09-43418386665f	chr14	18225647	22798909	8	4	4
0aeed974-9ad8-4208-9c09-43418386665f	chr14	22799195	26106065	9	5	4
0aeed974-9ad8-4208-9c09-43418386665f	chr14	26106370	27299809	7	5	2
0aeed974-9ad8-4208-9c09-43418386665f	chr14	27303631	78708237	4	4	0
0aeed974-9ad8-4208-9c09-43418386665f	chr14	78708895	88093648	5	5	0
0aeed974-9ad8-4208-9c09-43418386665f	chr14	88094011	106877229	4	4	0
0aeed974-9ad8-4208-9c09-43418386665f	chr15	19811075	101928837	2	1	1
0aeed974-9ad8-4208-9c09-43418386665f	chr16	10777	8288604	2	1	1
0aeed974-9ad8-4208-9c09-43418386665f	chr16	8290884	9421545	3	2	1
0aeed974-9ad8-4208-9c09-43418386665f	chr16	9422255	9873143	2	1	1
0aeed974-9ad8-4208-9c09-43418386665f	chr16	9873970	14794738	4	3	1
0aeed974-9ad8-4208-9c09-43418386665f	chr16	14802340	16924017	2	1	1
0aeed974-9ad8-4208-9c09-43418386665f	chr16	16924029	22708868	3	2	1
0aeed974-9ad8-4208-9c09-43418386665f	chr16	22709045	25645250	2	1	1
0aeed974-9ad8-4208-9c09-43418386665f	chr16	25646355	26690437	1	1	0
0aeed974-9ad8-4208-9c09-43418386665f	chr16	26690910	27605592	2	1	1
0aeed974-9ad8-4208-9c09-43418386665f	chr16	27606690	36048855	3	2	1
0aeed974-9ad8-4208-9c09-43418386665f	chr16	46429870	48861234	4	3	1
0aeed974-9ad8-4208-9c09-43418386665f	chr16	48861514	49248263	2	1	1
0aeed974-9ad8-4208-9c09-43418386665f	chr16	49251606	49560508	4	3	1
0aeed974-9ad8-4208-9c09-43418386665f	chr16	49561271	50697185	2	1	1
0aeed974-9ad8-4208-9c09-43418386665f	chr16	50699463	54331435	1	1	0
0aeed974-9ad8-4208-9c09-43418386665f	chr16	54331580	55973046	3	2	1
0aeed974-9ad8-4208-9c09-43418386665f	chr16	55973572	56520563	2	1	1
0aeed974-9ad8-4208-9c09-43418386665f	chr16	56523048	56688660	3	2	1
0aeed974-9ad8-4208-9c09-43418386665f	chr16	56690215	58054257	2	1	1
0aeed974-9ad8-4208-9c09-43418386665f	chr16	58054654	59714711	3	2	1
0aeed974-9ad8-4208-9c09-43418386665f	chr16	59714937	62110652	2	1	1
0aeed974-9ad8-4208-9c09-43418386665f	chr16	62111566	62466807	3	2	1
0aeed974-9ad8-4208-9c09-43418386665f	chr16	62470923	65305961	2	1	1
0aeed974-9ad8-4208-9c09-43418386665f	chr16	65305991	65908473	5	4	1
0aeed974-9ad8-4208-9c09-43418386665f	chr16	65908929	71314985	4	3	1
0aeed974-9ad8-4208-9c09-43418386665f	chr16	71315359	72482053	3	2	1
0aeed974-9ad8-4208-9c09-43418386665f	chr16	72498277	72619427	1	1	0
0aeed974-9ad8-4208-9c09-43418386665f	chr16	72620427	76367899	3	2	1
0aeed974-9ad8-4208-9c09-43418386665f	chr16	76367972	76511129	5	4	1
0aeed974-9ad8-4208-9c09-43418386665f	chr16	76512373	77122875	3	2	1
0aeed974-9ad8-4208-9c09-43418386665f	chr16	77123755	77975122	5	4	1
0aeed974-9ad8-4208-9c09-43418386665f	chr16	77979226	78415498	6	5	1
0aeed974-9ad8-4208-9c09-43418386665f	chr16	78415774	78820173	5	4	1
0aeed974-9ad8-4208-9c09-43418386665f	chr16	78820331	79521588	3	2	1
0aeed974-9ad8-4208-9c09-43418386665f	chr16	79526640	82818287	2	1	1
0aeed974-9ad8-4208-9c09-43418386665f	chr16	82818691	83416845	1	1	0
0aeed974-9ad8-4208-9c09-43418386665f	chr16	83417023	90221127	2	1	1
0aeed974-9ad8-4208-9c09-43418386665f	chr17	150733	19019206	3	3	0
0aeed974-9ad8-4208-9c09-43418386665f	chr17	19019420	53614698	5	5	0
0aeed974-9ad8-4208-9c09-43418386665f	chr17	53614723	68752954	6	6	0
0aeed974-9ad8-4208-9c09-43418386665f	chr17	68753890	69997605	8	8	0
0aeed974-9ad8-4208-9c09-43418386665f	chr17	69998023	70544123	6	6	0
0aeed974-9ad8-4208-9c09-43418386665f	chr17	70544178	83090856	3	3	0
0aeed974-9ad8-4208-9c09-43418386665f	chr18	48133	80257174	3	2	1
0aeed974-9ad8-4208-9c09-43418386665f	chr19	90910	3639974	3	3	0
0aeed974-9ad8-4208-9c09-43418386665f	chr19	3642945	32249101	2	2	0
0aeed974-9ad8-4208-9c09-43418386665f	chr19	32250292	58586487	4	4	0
0aeed974-9ad8-4208-9c09-43418386665f	chr20	80664	14360553	6	3	3
0aeed974-9ad8-4208-9c09-43418386665f	chr20	14360685	15230752	5	3	2
0aeed974-9ad8-4208-9c09-43418386665f	chr20	15230867	15851654	4	3	1
0aeed974-9ad8-4208-9c09-43418386665f	chr20	15852600	24935576	6	3	3
0aeed974-9ad8-4208-9c09-43418386665f	chr20	24936416	64324800	5	3	2
0aeed974-9ad8-4208-9c09-43418386665f	chr21	10336543	46677045	3	2	1
0aeed974-9ad8-4208-9c09-43418386665f	chr22	15294545	50796027	2	1	1
0aeed974-9ad8-4208-9c09-43418386665f	chrX	251810	2785350	3	2	1
0aeed974-9ad8-4208-9c09-43418386665f	chrX	2785592	22627458	2	2	0
0aeed974-9ad8-4208-9c09-43418386665f	chrX	22629060	22838845	1	1	0
0aeed974-9ad8-4208-9c09-43418386665f	chrX	22842312	30274200	2	2	0
0aeed974-9ad8-4208-9c09-43418386665f	chrX	30275161	30534847	1	1	0
0aeed974-9ad8-4208-9c09-43418386665f	chrX	30534924	156004181	2	2	0
